3
3
6
2
2
2
2
4
4
6
2
2
2
2
2
3
3
3
3
3
3
3
3
2
2
2
2
2
2
6
6
4
4
4
4
4
4
4
4
4
4
4
4
4
4
4
4
4
4
4
4
4
4
2
2
2
2
2
6
6
1
1
1
2
2
2
4
2
2
5
5
5
5
5
5
5
5
5
5
6
6
1
1
1
1
1
1
1
1
1
2
2
2
2
2
2
2
6
3
3
3
3
3
3
3
3
3
3
2
2
2
2
2
2
2
2
2
2
2
2
2
2
2
2
2
2
2
2
2
2
2
3
3
3
3
3
3
3
3
3
3
3
3
3
3
3
2
5
7
7
7
7
3
3
6
2
2
2
2
4
4
4
6
2
2
2
2
2
3
3
3
3
3
3
3
3
3
3
2
2
2
2
2
6
6
4
4
4
4
4
4
4
4
4
4
4
4
4
4
4
4
4
4
4
4
4
4
2
2
2
2
2
2
6
6
1
1
1
2
2
2
4
2
2
2
5
5
5
5
5
5
5
5
5
5
5
6
6
1
1
1
1
1
1
1
1
1
2
2
2
2
2
2
2
6
3
3
3
3
3
3
3
3
3
3
2
2
2
2
2
2
2
2
2
2
2
2
2
2
2
2
2
2
2
2
2
2
2
3
3
3
3
3
3
3
3
3
3
3
3
3
3
2
5
7
7
7
7
