7
7
4
7
3
6
7
1
1
5
1
5
1
5
1
7
1
7
3
3
7
7
7
5
3
5
6
5
6
7
7
1
1
1
1
1
1
1
1
1
5
5
5
7
1
1
1
1
1
1
5
7
5
7
3
7
7
7
5
1
2
2
2
7
4
6
7
7
7
1
1
2
2
2
2
2
2
2
2
4
4
2
4
2
4
2
2
2
3
2
7
4
7
7
7
7
7
7
6
6
4
5
6
6
4
7
6
6
7
2
7
3
7
2
7
7
7
4
7
7
6
2
1
2
3
3
1
3
3
3
3
2
7
2
7
7
2
7
6
2
6
4
4
3
4
5
5
2
2
4
4
4
7
4
4
6
6
6
6
1
1
1
5
1
5
1
1
1
3
1
7
3
1
6
3
7
6
7
5
3
5
3
5
1
7
1
1
1
1
1
1
1
1
1
5
5
7
5
1
1
1
1
1
1
7
5
5
6
7
7
3
6
7
1
5
4
2
2
4
6
6
7
7
4
6
1
1
1
2
2
2
2
2
2
2
2
4
6
4
2
3
2
2
2
2
2
3
1
7
3
1
3
7
7
7
6
6
6
6
6
6
6
4
6
4
4
7
4
7
3
7
4
7
6
7
7
7
6
1
3
1
1
3
3
3
3
3
3
7
2
7
7
2
7
3
2
6
4
4
4
4
5
5
2
4
2
4
4
